1	967	17	588320	3311820	29.933964	111.915105	524	606	410	845.6173	2506.2766	3180.7906	3213	3508.7198	1717.6245	765.5462
2	922	37	587870	3311620	29.932191	111.910426	465	616	372	847.9262	2519.0105	3179.5509	3190	3459.2348	1434.4515	633.5948
3	208	175	580730	3310240	29.920229	111.836351	487	602	419	856.2718	2196.244	2728.1801	2768	3051.5579	1618.9787	742.857
4	423	299	582880	3309000	29.908896	111.858527	558	701	494	927.8615	2368.7998	2884.3599	2894	3164.9708	1919.6412	1048.7753
5	553	315	584180	3308840	29.907364	111.871979	484	626	449	857.3004	2047.7382	2600.8643	2582	2843.7405	1788.8168	880.6171
6	83	604	579480	3305950	29.881598	111.823084	484	601	409	862.9745	2182.2496	2729.7137	2704	2967.8695	1620.4587	742.016
7	488	672	583530	3305270	29.875194	111.864968	470	558	393	758.7523	1846.6146	2342.4033	2285	2500.5822	1303.0629	640.9549
8	45	674	579100	3305250	29.875306	111.819097	503	598	442	863.5294	1942.9505	2375.9676	2391	2638.0401	1638.8684	775.2586
9	396	770	582610	3304290	29.866413	111.855367	515	674	482	1008.9245	2489.5553	3047.265	2994	3292.7988	1874.7642	1011.7845
							
1	982	154	588470	3310450	29.921591	111.916545	508	704	396	899.1693	3074.0435	4268.5722	4159	4467.2221	1795.2517	856.9391
2	779	185	586440	3310140	29.918938	111.895492	542	702	390	918.0029	2983.7014	4174.866	4106	4315.5008	1674.547	802.0427
3	885	296	587500	3309030	29.908847	111.906381	457	576	336	719.6345	2634.8781	4108.5418	4063	4266.6628	1356.104	626.8421
4	584	343	584490	3308560	29.904816	111.875168	494	629	390	816.5443	2818.6417	4430.369	4416	4682.3932	1792.9474	890.8394
5	382	392	582470	3308070	29.900532	111.854208	493	661	364	829.4967	2998.35	4593.8021	4485	4752.832	1862.5477	895.4249
6	695	535	585600	3306640	29.887414	111.886511	497	635	330	803.3053	3094.6645	4798.5806	4788	4984.2626	1926.8097	907.2789
7	861	671	587260	3305280	29.875025	111.90359	524	645	391	807.8756	2803.1897	4393.7855	4307	4523.7287	1879.2902	946.5893
							
1	651	29	585160	3311700	29.933104	111.882357	669	1085	760	1669.5512	3247.5314	3948.1381	3913	4292.3192	2075.8284	1098.7444
2	192	65	580570	3311340	29.930165	111.834776	646	999	698	1623.4986	3045.8835	3533.4348	3647	3928.0783	1864.8652	994.6691
3	500	81	583650	3311180	29.928516	111.866672	671	1072	742	1721.1081	3011.2707	3644.0635	3713	4004.934	2043.3412	1085.3061
4	470	107	583350	3310920	29.92619	111.863544	643	1008	772	1640.4058	3180.0207	3808.7473	3796	4153.9824	2222.7263	1286.7205
5	959	260	588240	3309390	29.912042	111.914075	651	1035	807	1834.6814	3140.3867	3677.7892	3721	4089.0001	1720.4524	904.6161
6	815	297	586800	3309020	29.908806	111.89913	657	1061	778	1687.2091	2868.962	3331.4203	3399	3726.9216	1887.9771	1007.0605
7	679	840	585440	3303590	29.859903	111.884611	643	1046	734	1632.2295	3022.2227	3565.7868	3601	3986.9508	1839.6408	962.7532
8	898	933	587630	3302660	29.851357	111.907207	746	1059	617	1586.6476	4266.4413	4881.763	4843	5166.8716	2831.6871	1433.5935
9	926	963	587910	3302360	29.84863	111.910081	805	1196	605	1708.8834	4700.2238	5265.2078	5061	5452.6107	3113.8807	1503.7676
							
1	402	420	582670	3307790	29.897992	111.856258	483	668	465	1104.0146	2575.6668	3147.349	3133	3375.9098	1918.3496	1013.9995
2	856	448	587210	3307510	29.895152	111.903254	496	633	437	878.2188	2337.4186	2836.0707	2872	3046.3096	1841.7486	902.7598
3	369	472	582340	3307270	29.893321	111.8528	566	730	568	1105.7153	2407.2937	2960.5107	2980	3289.3139	2354.826	1397.9951
4	659	560	585240	3306390	29.885183	111.882763	515	645	512	1075.5871	2458.0834	3056.342	3061	3368.0051	1907.9622	1043.8713
5	861	630	587260	3305690	29.878725	111.903623	529	746	505	1161.199	2589.9019	3205.7921	3193	3402.1142	2012.8984	1104.4281
6	227	645	580920	3305540	29.877805	111.837964	532	682	506	1078.0965	2519.3967	3124.781	3044	3360.5306	2000.4575	1096.3304
7	248	710	581130	3304890	29.871925	111.840089	548	758	605	1081.5005	2494.6302	3049.3364	2954	3292.2673	2123.1511	1207.4579
8	290	782	581550	3304170	29.8654	111.844383	503	692	542	993.0172	2257.7978	2902.7268	2782	3107.6459	1974.9146	1108.4119
9	306	855	581710	3303440	29.858802	111.845984	576	717	562	1209.8343	2556.4988	3117.7474	3115	3366.3473	2004.9721	1116.8722
						
1	26	47	578910	3311520	29.931898	111.817592	634	956	738	1493.6402	2655.8955	3036.6181	3042	3367.1095	1775.8812	981.984
2	813	170	586780	3310290	29.920268	111.899026	653	1055	822	1711.3009	2874.7256	3415.6856	3436	3812.7133	2012.3783	1134.2113
3	941	244	588060	3309550	29.913499	111.912224	659	1074	841	1779.1303	2916.1153	3401.9315	3438	3767.5077	1837.1141	978.3284
4	657	279	585220	3309200	29.910541	111.882779	601	872	642	1392.5396	2549.3306	3119.0461	3263	3672.7185	1715.6623	921.5362
5	703	300	585680	3308990	29.908614	111.887527	612	991	788	1659.9189	2698.1595	3243.7342	3324	3626.3819	1958.5766	1076.3206
6	436	340	583010	3308590	29.905188	111.859841	705	1061	859	1742.283	2730.9557	3118.1748	3141	3440.4087	2007.8363	1146.2833
7	403	362	582680	3308370	29.903225	111.856406	676	1026	797	1761.2316	2982.5188	3474.5682	3520	3851.6437	1907.7462	1029.9783
8	771	823	586360	3303760	29.861373	111.894149	633	935	664	1423.1736	2612.6975	3140.0935	3227	3490.0501	1711.4358	874.2153
9	753	825	586180	3303740	29.861205	111.892284	691	982	741	1514.598	2615.8783	3015.5972	3020	3224.7336	1708.2582	968.7612
							
1	376	102	582410	3310970	29.926705	111.85381	1476	1568	1803	2154.1248	2396.5038	2603.5394	2483	2774.688	2895.9239	2699.5541
2	417	190	582820	3310090	29.918736	111.857989	1306	1645	1769	2141.925	2240.384	2615.9587	2593	2669.9735	2914.3912	2573.8574
3	947	541	588120	3306580	29.886695	111.912601	1424	1827	2140	2389.0615	2623.8563	2645.4897	2569	2748.7271	3081.3481	3036.8597
4	811	549	586760	3306500	29.886069	111.898512	1227	1466	1567	1794.7477	1906.2296	2011.0651	1922	2120.2291	2489.2459	2327.7523
5	900	556	587650	3306430	29.885375	111.907722	1309	1565	1780	1948.2784	2385.9602	2383.2551	2200	2565.4237	2696.451	2374.9829
6	755	685	586200	3305140	29.873837	111.892604	1687	1811	1954	2066.9258	2097.9845	2202.3471	2176	2293.1948	2437.1779	2376.871
7	769	693	586340	3305060	29.873105	111.894047	1311	1414	1645	1964.1506	1920.8861	2012.7967	1992	2210.1121	2255.7017	2105.2543
8	641	820	585060	3303790	29.861734	111.880693	1832	2091	2470	2866.8075	3011.3226	3084.9608	3090	3395.4027	4062.3948	4179.4003
9	556	894	584210	3303050	29.855115	111.871835	2002	2336	2532	2790.7948	2809.0219	2957.3227	2806	2911.4387	3008.606	3074.5723
10	467	983	583320	3302160	29.847144	111.862553	1284	1582	1648	1857.4737	2676.3819	3059.6833	2851	3089.4505	2609.3383	2067.1379
							
1	399	129	582640	3310700	29.924253	111.856172	987	1209	1267	1704.5332	2287.3736	2608.9917	2428	2785.7642	2594.7431	1925.1199
2	400	210	582650	3309890	29.916943	111.856213	997	1202	1266	1716.5551	2098.0434	2143.8231	2320	2417.1862	2579.8664	1908.2591
3	517	412	583820	3307870	29.898636	111.868174	952	1159	1189	1575.0858	1997.6337	2295.923	2184	2482.4424	2358.2012	1809.2603
4	606	420	584710	3307790	29.897853	111.877385	922	1078	1149	1503.4726	1989.4399	2269.9911	2164	2413.3775	2475.3692	1904.7998
5	972	438	588370	3307610	29.895971	111.915275	850	964	856	1129.6228	1586.4892	1697.0651	1618	1799.2315	1813.1093	1273.2256
6	939	468	588040	3307310	29.893288	111.911833	850	975	942	1107.7505	1441.8303	1594.8864	1511	1639.7429	1561.0492	1212.3295
7	926	481	587910	3307180	29.892124	111.910476	849	973	937	1122.7862	1440.2612	1546.3858	1460	1616.5685	1608.3574	1250.7349
8	903	486	587680	3307130	29.891689	111.90809	976	1100	1124	1379.1189	1762.3075	1880.3809	1786	2140.4853	2232.5634	1719.4617
9	903	506	587680	3306930	29.889884	111.908074	879	952	916	1131.1528	1498.8487	1575.3043	1473	1613.4242	1608.374	1270.5787
10	751	705	586160	3304940	29.872035	111.892173	1028	1191	1273	1430.8636	1705.323	1711.2006	1734	1732.5485	1905.7203	1651.2752
11	696	767	585610	3304320	29.866478	111.886429	978	1134	1147	1362.0253	1736.9379	1899.5079	1766	1922.1694	1952.0738	1577.1191
12	681	780	585460	3304190	29.865316	111.884866	1070	1193	1227	1542.6812	1773.0078	1891.8684	1756	1922.4377	1972.31	1622.6642
13	653	804	585180	3303950	29.863169	111.881948	1043	1161	1142	1491.0598	1679.078	1851.4759	1614	1807.7352	1856.3843	1624.7327
14	521	932	583860	3302670	29.85171	111.868182	1028	1169	1126	1254.9026	1622.7618	1732.1776	1675	1851.3848	1783.3692	1315.2976
15	493	976	583580	3302230	29.847758	111.865249	1063	1265	1233	1324.3937	1649.9998	1689.7277	1636	1832.4033	1701.9138	1321.8833
16	488	986	583530	3302130	29.846859	111.864724	1108	1261	1284	1466.452	1615.5228	1946.9197	1637	1848.0927	2019.098	1634.2128
						
1	49	67	579140	3311320	29.930078	111.81996	806	946	1405	1589.7774	2164.4592	2285.6094	2322	2522.9775	2493.5686	2036.5366
2	208	223	580730	3309760	29.915897	111.836315	774	965	1376	1932.4908	2379.8389	2567.9869	2472	2901.5409	3236.8416	2666.1343
3	292	264	581570	3309350	29.912142	111.844985	773	998	1374	1640.4833	2270.298	2941.833	2767	2646.2987	2533.0548	1673.9065
4	956	535	588210	3306640	29.88723	111.913538	848	1027	1175	1527.5053	1726.9193	1902.9591	1676	2036.5704	2949.6954	3165.0702
5	927	538	587920	3306610	29.88698	111.910533	933	1125	1591	1807.47	2082.8395	2141.293	1999	2435.145	3289.9094	3035.7838
6	424	774	582890	3304250	29.866033	111.858263	802	992	1301	1708.5817	1895.2305	2119.3522	2018	2271.7458	3014.593	2686.6982
7	839	798	587040	3304010	29.863581	111.901209	849	1031	1395	1914.7824	2544.4202	2856.3052	2710	2942.678	3041.082	2503.6679
8	848	805	587130	3303940	29.862943	111.902135	847	1074	1392	1830.3717	2499.5608	2727.6646	2677	2846.3443	3244.0628	2432.5789
9	998	877	588630	3303220	29.856339	111.917605	831	1089	1519	2128.4374	2667.0253	3008.0328	2891	3107.3116	3138.2545	2600.5377
						
1	860	581	587250	3306180	29.883147	111.90356	2340	1471	1161	1208.4665	1362.4952	2647.3772	3115	3429.5138	5425.1173	6109.5344
2	867	585	587320	3306140	29.882781	111.904281	2084	1460	1109	1150.8169	1264.8558	2354.4758	2939	2907.0601	3883.4474	4255.9294
3	858	589	587230	3306100	29.882427	111.903346	2356	1490	1157	1237.2249	1297.5198	2742.1355	3222	3605.9108	5464.3412	6117.9565
							
1	996	537	588610	3306620	29.88702	111.917679	2593	2062	1686	1676.6049	1689.0738	3146.7536	3522	3678.0869	5283.0555	6381.7456
2	889	550	587540	3306490	29.885924	111.906588	2464	2248	2142	2159.872	2376.9966	2990.9738	3387	3512.8876	3661.7	3608.3894
3	869	558	587340	3306410	29.885216	111.90451	1914	2438	2997	3288.8323	3257.9009	3480.2388	3513	3749.7169	5024.2975	4949.4594
4	720	694	585850	3305050	29.873049	111.888972	1496	1951	2316	2578.1632	2799.5085	3179.9331	2977	3214.0738	3463.8227	3056.0034
5	683	714	585480	3304850	29.87127	111.885126	1328	1761	2555	2921.6474	3259.0608	3489.0436	3243	3453.6981	3916.713	3562.1299
6	863	728	587280	3304710	29.86988	111.903751	1649	2185	2607	2857.0394	3170.2045	3295.8529	3246	3395.7411	3787.1739	3412.536
							
1	999	419	588640	3307800	29.897666	111.918087	892	1060	1046	1288.3748	1759.6601	1906.4332	1826	2036.9568	2001.5354	1410.9328
2	913	493	587780	3307060	29.89105	111.90912	1092	1303	1308	1509.4455	1684.2509	1821.764	1770	1868.3322	2004.2616	1676.7348
3	918	513	587830	3306860	29.889242	111.909621	1380	1467	1545	1751.9288	1966.3871	2190.9669	2007	2301.3439	2532.5992	2066.0309
4	878	537	587430	3306620	29.887105	111.90546	1273	1384	1367	1493.9947	1757.19	1930.964	1818	1754.172	1738.3591	1377.1999
5	851	575	587160	3306240	29.883695	111.902633	1074	1182	1206	1422.426	1570.4277	1725.3624	1618	1771.0526	1884.3109	1677.8119
6	845	584	587100	3306150	29.882887	111.902004	1213	1325	1315	1465.6673	1606.7946	1775.1845	1813	1842.0966	1866.9724	1726.7731
7	732	733	585970	3304660	29.869521	111.890184	1144	1417	1506	1903.0749	2146.3776	2351.5724	2179	2350.9387	2343.1234	1928.5437
8	710	754	585750	3304450	29.867642	111.887889	1063	1200	1270	1474.1813	1688.9738	2043.5769	1802	1976.1249	1761.8724	1432.3357
9	676	786	585410	3304130	29.864778	111.884343	1174	1343	1443	1643.1798	1849.4389	1985.9951	1834	1893.3358	2289.1798	2036.7731
10	657	802	585220	3303970	29.863347	111.882364	1260	1456	1511	1726.6639	1923.7614	2005.8436	1939	2096.349	2215.1629	1900.0182
11	550	905	584150	3302940	29.854126	111.871205	1081	1165	1156	1284.2333	1516.4137	1612.2898	1434	1635.3093	1710.0914	1476.8143
							
1	989	425	588540	3307740	29.897132	111.917046	818	888	795	1005.8609	1566.5778	1832.7584	1635	1858.545	1422.9469	1012.3414
2	965	444	588300	3307550	29.895435	111.914545	840	930	881	1156.0311	1505.9451	1788.4898	1522	1694.772	1712.6669	1254.4802
3	955	453	588200	3307460	29.89463	111.913502	817	906	869	1057.6886	1512.3696	1665.3899	1478	1679.0512	1474.6788	1104.5098
4	947	460	588120	3307390	29.894004	111.912668	821	910	877	1084.3272	1427.3588	1641.1277	1445	1623.244	1666.791	1296.5451
5	922	485	587870	3307140	29.891766	111.910059	888	948	962	1218.9182	1479.5953	1607.4529	1473	1694.4061	1573.4499	1202.7271
6	883	530	587480	3306690	29.887733	111.905983	880	920	886	1161.3026	1353.5997	1422.1218	1275	1499.2022	1633.0381	1296.862
							
1	5	188	578700	3310110	29.919187	111.815313	583	741	713	1106.6725	1623.8384	1910.2267	1968	2154.7345	2282.8394	1435.4794
2	261	712	581260	3304870	29.871736	111.841434	601	752	773	1183.7527	1906.893	2208.6227	2153	2443.192	2679.7248	1759.0648
							
1	172	210	580370	3309890	29.917094	111.832595	817	1202	1572	2100.8183	2779.0745	3154.0392	3115	3434.7965	3419.8322	2516.9431
2	549	287	584140	3309120	29.909894	111.871587	753	981	1126	1504.6976	2050.5173	2371.6721	2374	2567.9806	2895.1199	2006.7081
3	169	349	580340	3308500	29.904553	111.83218	788	973	1207	1581.9321	2084.5617	2473.1597	2462	2747.6112	3491.3638	2505.5536
4	209	354	580740	3308450	29.904076	111.83632	845	1033	1361	1728.4315	2123.6588	2451.2692	2469	2767.2938	3316.8274	2409.4083
5	184	374	580490	3308250	29.902287	111.833715	792	978	1242	1654.3932	2290.701	2762.6679	2834	3169.2834	3463.4452	2416.5774
6	112	730	579770	3304690	29.870209	111.825993	943	1218	1549	1865.9202	2289.0054	2576.8234	2675	3023.2965	3856.5802	3070.5034
7	41	918	579060	3302810	29.85329	111.818504	794	1034	1360	1835.5334	2299.1097	2722.4123	2819	3116.4045	3416.4515	2528.3339
8	173	972	580380	3302270	29.848332	111.832128	798	1065	1349	1773.4427	2264.5718	2630.7201	2634	2881.4657	3245.3331	2458.7793
							
1	547	214	584120	3309850	29.916482	111.871437	764	976	1094	1526.7973	2067.7707	2405.4416	2403	2623.9631	2720.3944	1832.4867
2	822	221	586870	3309780	29.915659	111.899917	871	1191	1436	1949.809	2348.6872	2700.0297	2729	3062.7797	3302.2138	2388.5965
3	746	238	586110	3309610	29.914179	111.892031	798	1093	1277	1760.6277	2476.7616	2844.3343	2850	3162.396	2986.5664	1921.7016
4	413	240	582780	3309590	29.914227	111.857536	884	1261	1484	2170.2058	2609.8564	2988.7536	3025	3282.2784	3350.2573	2204.3455
5	456	271	583210	3309280	29.911401	111.861966	820	1178	1336	2028.5491	2435.2628	2739.0224	2775	3053.4632	3305.9722	2150.1655
6	373	333	582380	3308660	29.905862	111.853322	771	1020	1156	1703.3812	2241.6377	2544.5501	2523	2781.3019	2817.3103	1901.933
7	731	342	585960	3308570	29.904805	111.890394	786	1119	1279	1835.6232	2349.1789	2665.2634	2744	2989.0692	3299.0687	2257.0774
8	587	553	584520	3306460	29.885864	111.875313	904	1177	1365	1918.0249	2374.291	2634.2599	2714	2992.4681	2564.8211	1719.8645
							
1	333	258	581980	3309410	29.912656	111.849236	706	917	928	1524.2099	1935.2985	2218.5444	2100	2390.944	2025.8785	1326.6612
2	576	309	584410	3308900	29.90789	111.874366	718	835	803	1115.0441	1425.2599	1689.5539	1766	1904.1498	2572.9358	1946.5356
3	575	382	584400	3308170	29.901303	111.874205	731	941	970	1458.9621	2054.7856	2447.0757	2444	2720.7657	2637.1668	1715.1813
4	527	387	583920	3308120	29.900885	111.86923	734	961	927	1490.3828	1852.5636	2563.4544	2343	2491.2191	1883.6935	1140.3628
5	214	476	580790	3307230	29.893063	111.836745	733	928	973	1478.4036	1809.3923	2159.7565	2063	2358.0901	2147.8064	1437.953
