1	487	386	583520	3308130	29.901002	111.865088	521	557	379	474.1639	510.2177	673.3069	515	515.2539	285.1122	170.1341
2	44	645	579090	3305540	29.877924	111.819015	505	560	402	661.9972	652.3803	710.0025	598	620.7548	317.3165	226.9936
3	758	657	586230	3305420	29.876361	111.892937	583	593	462	549.8182	599.5489	587.9028	664	636.1233	364.6006	240.5144
4	943	796	588080	3304030	29.863687	111.911978	566	625	402	662.3135	557.1576	588.1052	477	462.1876	190.8704	132.9722
5	770	836	586350	3303630	29.8602	111.894035	569	703	458	802.6285	773.1953	804.7133	703	651.2559	258.3724	181.224
6	772	893	586370	3303060	29.855055	111.894196	598	694	538	619.2703	813.2424	837.896	673	794.8998	455.308	288.0512
7	197	921	580620	3302780	29.852918	111.83465	580	657	464	644.9991	553.1955	653.2286	556	492.5745	272.923	195.4352
						
1	351	34	582160	3311650	29.932857	111.851272	589	976	616	1026.8907	874.1048	962.5602	855	799.0289	366.0914	211.1995
2	899	269	587640	3309300	29.911273	111.907853	613	926	544	1134.3418	935.9259	1123.9722	913	799.1538	298.0617	191.7928
3	458	723	583230	3304760	29.870612	111.861823	763	1017	582	602.1025	419.9512	442.5739	370	358.4649	161.4968	105.328
4	510	784	583750	3304150	29.865072	111.867159	749	921	498	515.9733	337.7484	379.0885	301	303.3478	165.8562	113.2402
						
1	571	98	584360	3311010	29.926933	111.874014	709	878	687	815.4128	824.3433	1075.9374	710	893.376	642.6369	330.3989
2	939	155	588040	3310440	29.921531	111.91209	724	964	733	973.024	816.1481	941.5537	714	801.2664	406.0961	233.1423
3	925	207	587900	3309920	29.916849	111.910597	771	1068	801	1058.3832	698.752	829.0839	741	659.0746	336.87	216.6181
4	536	416	584010	3307830	29.898262	111.870139	766	1004	709	869.7609	503.7788	675.9189	580	441.5924	337.1101	212.2364
5	944	780	588090	3304190	29.86513	111.912094	684	860	603	853.9713	651.573	690.8631	589	461.0319	244.0373	182.0406
6	280	810	581450	3303890	29.86288	111.843327	613	859	624	794.2579	784.9813	691.7384	679	759.0988	606.113	400.2083
7	835	849	587000	3303500	29.858982	111.900754	797	1069	818	1137.3896	918.2682	1028.4977	830	800.8446	332.0131	194.8881
						
1	617	62	584820	3311370	29.93015	111.878808	873	1262	1068	1354.2684	866.2017	1085.255	847	708.5598	478.7811	297.0904
2	379	121	582440	3310780	29.924988	111.854106	925	1278	1080	1304.6834	1058.6157	1436.2907	860	1081.5707	1201.0967	745.4358
3	555	297	584200	3309020	29.908987	111.8722	953	1350	1117	1432.3241	988.5977	1121.4165	906	832.4422	539.4494	328.7508
						
1	833	109	586980	3310900	29.925758	111.901147	731	995	756	1038.169	869.4625	1084.8052	837	817.0376	454.9476	286.1422
2	17	140	578820	3310590	29.923511	111.816591	663	881	584	682.3528	873.8522	859.1659	607	795.1341	637.3745	388.2943
3	368	208	582330	3309910	29.917145	111.8529	689	947	732	992.2176	797.1672	905.5213	793	705.3313	436.047	274.7126
4	462	259	583270	3309400	29.912479	111.862597	722	965	772	887.4352	820.2867	760.3755	680	751.7071	460.5033	334.148
5	279	852	581440	3303470	29.859091	111.843191	793	1079	817	1041.7816	1034.4607	1105.7143	867	1007.4644	1003.0112	670.5832

1	746	52	586110	3311470	29.930963	111.89218	567	593	432	628.187	653.6761	731.6648	624	633.6916	407.5213	286.3375
2	258	374	581230	3308250	29.902239	111.841379	530	587	450	636.4612	860.1105	974.7277	786	977.4291	841.573	445.0111
3	377	374	582420	3308250	29.902159	111.853704	538	617	456	683.98	929.1032	1164.2608	883	942.8901	543.8747	325.6094
4	728	496	585930	3307030	29.89091	111.889959	524	623	429	745.2752	964.1431	1210.5698	924	1091.311	796.9201	493.1292
5	914	872	587790	3303270	29.85685	111.908913	536	603	441	745.4339	869.8115	969.1512	841	907.1515	703.1455	421.7104
6	380	882	582450	3303170	29.856317	111.853625	538	561	451	780.8588	1266.3373	1400.9596	1027	1727.0585	1143.5488	790.5746
							
1	627	664	584920	3305350	29.875821	111.879367	680	1026	671	1212.5919	1055.6293	1187.7912	954	1017.1983	1538.4656	997.1124
2	463	672	583280	3305270	29.875211	111.86238	663	907	568	747.8464	743.2543	736.3114	578	774.4782	884.3792	490.2788
3	408	717	582730	3304820	29.871187	111.85665	755	985	708	842.8999	706.4604	869.7022	846	676.9937	946.0615	520.027
4	533	836	583980	3303630	29.860364	111.869499	690	882	574	755.3805	643.899	864.5449	622	740.0335	521.18	314.9952
							
1	694	31	585590	3311680	29.932894	111.88681	779	1042	874	1125.6243	1109.4006	1096.9676	885	1132.4454	974.4146	518.5486
2	503	289	583680	3309100	29.909744	111.866821	699	958	711	1023.6852	1120.7843	1325.8457	993	1252.9488	1336.2582	833.5059
3	362	442	582270	3307570	29.896033	111.852099	733	1049	801	1099.2989	1171.2366	1216.9639	1033	1147.6973	1357.8116	776.3754
4	30	923	578950	3302760	29.852846	111.817361	738	1033	822	961.0223	784.6891	881.8161	708	727.1796	475.4839	327.2898
